125,2,7,64
62,1,11,96
112,1,13,115
29,1,20,106
27,2,12,94
131,1,9,78
83,1,9,77
81,1,4,59
49,2,14,96
55,2,13,92
8,2,14,98
43,2,22,122
121,2,12,85
2,2,10,81
64,2,8,71
45,1,20,116
137,1,29,132
67,2,29,131
73,1,8,70
12,2,10,81
78,1,5,80
88,1,26,128
16,2,10,78
102,2,13,90
33,2,5,68
7,1,23,120
130,1,2,51
111,2,13,94
35,1,13,90
22,2,5,66
122,2,7,74
113,1,11,86
110,1,5,63
105,2,9,76
53,1,15,108
9,2,7,69
114,1,15,108
58,2,13,99
3,1,8,78
30,1,32,132
94,1,6,49
18,1,4,54
127,1,33,125
24,1,8,88
37,2,10,87
95,2,12,102
119,2,21,128
109,1,3,53
5,2,16,106
107,1,21,120
70,1,8,70
39,1,11,79
71,2,4,69
85,2,14,96
136,2,7,75
108,1,18,118
4,2,14,90
118,1,10,86
104,1,9,79
57,2,14,95
89,1,13,97
87,2,10,88
65,2,6,63
75,2,19,105
117,2,20,129
96,1,14,109
1,2,4,68
69,1,10,95
36,1,12,85
92,2,17,112
128,2,7,81
84,1,28,137
66,2,8,80
47,2,19,118
140,2,12,95
97,1,12,91
60,2,13,112
15,2,13,109
34,1,6,67
54,1,24,119
19,1,16,119
17,1,17,117
126,2,4,56
56,2,16,105
68,2,6,70
40,2,8,82
50,1,16,114
11,1,16,89
82,1,18,120
41,2,16,109
20,2,14,99
120,2,3,55
103,2,15,111
25,2,18,117
6,1,9,85
91,2,4,56
26,1,11,80
23,1,5,
79,2,6,74
13,2,7,79
100,2,4,60
80,2,22,121
77,1,15,106
32,1,14,101
72,1,7,72
74,1,11,87
10,2,13,88
90,2,8,70
14,2,13,93
101,1,12,92
63,1,8,70
132,1,10,83
31,1,7,73
42,1,20,112
138,2,7,71
44,2,15,95
76,2,9,83
46,2,6,75
123,2,12,85
48,2,10,72
139,2,9,86
134,2,4,65
59,2,15,126
52,1,10,80
28,1,10,82
133,2,10,84
135,1,8,76
38,2,20,116
98,2,11,93
93,1,7,70
51,1,15,100
61,2,10,78
99,2,26,131
86,1,23,128
106,1,11,82
21,1,4,54
129,2,7,72
116,2,12,90
124,2,10,90
115,2,21,129
